# name: debug
# type: sparse matrix
# nnz: 2088
# rows: 234
# columns: 234

1 1 500.000000000
2 1 0.000000000
3 1 0.000000000
4 1 -500.000000000
5 1 0.000000000
6 1 0.000000000
1 2 0.000000000
2 2 500.000000000
3 2 225.000000000
4 2 0.000000000
5 2 -500.000000000
6 2 0.000000000
1 3 0.000000000
2 3 225.000000000
3 3 601.250000000
4 3 0.000000000
5 3 -225.000000000
6 3 -500.000000000
1 4 -500.000000000
2 4 0.000000000
3 4 0.000000000
4 4 1000.000000000
5 4 0.000000000
6 4 0.000000000
7 4 -500.000000000
8 4 0.000000000
9 4 0.000000000
1 5 0.000000000
2 5 -500.000000000
3 5 -225.000000000
4 5 0.000000000
5 5 1000.000000000
6 5 225.000000000
7 5 0.000000000
8 5 -500.000000000
9 5 0.000000000
1 6 0.000000000
2 6 0.000000000
3 6 -500.000000000
4 6 0.000000000
5 6 225.000000000
6 6 1101.250000000
7 6 0.000000000
8 6 -225.000000000
9 6 -500.000000000
4 7 -500.000000000
5 7 0.000000000
6 7 0.000000000
7 7 1000.000000000
8 7 0.000000000
9 7 0.000000000
10 7 -500.000000000
11 7 0.000000000
12 7 0.000000000
4 8 0.000000000
5 8 -500.000000000
6 8 -225.000000000
7 8 0.000000000
8 8 1000.000000000
9 8 225.000000000
10 8 0.000000000
11 8 -500.000000000
12 8 0.000000000
4 9 0.000000000
5 9 0.000000000
6 9 -500.000000000
7 9 0.000000000
8 9 225.000000000
9 9 1101.250000000
10 9 0.000000000
11 9 -225.000000000
12 9 -500.000000000
7 10 -500.000000000
8 10 0.000000000
9 10 0.000000000
10 10 1000.000000000
11 10 0.000000000
12 10 0.000000000
13 10 -500.000000000
14 10 0.000000000
15 10 0.000000000
7 11 0.000000000
8 11 -500.000000000
9 11 -225.000000000
10 11 0.000000000
11 11 1000.000000000
12 11 225.000000000
13 11 0.000000000
14 11 -500.000000000
15 11 0.000000000
7 12 0.000000000
8 12 0.000000000
9 12 -500.000000000
10 12 0.000000000
11 12 225.000000000
12 12 1101.250000000
13 12 0.000000000
14 12 -225.000000000
15 12 -500.000000000
10 13 -500.000000000
11 13 0.000000000
12 13 0.000000000
13 13 1000.000000000
14 13 0.000000000
15 13 -20.007860418
16 13 -500.000000000
17 13 0.000000000
18 13 0.000000000
10 14 0.000000000
11 14 -500.000000000
12 14 -225.000000000
13 14 0.000000000
14 14 1000.000000000
15 14 313.202617298
16 14 0.000000000
17 14 -500.000000000
18 14 0.000000000
10 15 0.000000000
11 15 0.000000000
12 15 -500.000000000
13 15 -20.007860418
14 15 313.202617298
15 15 1196.992387922
16 15 20.007860418
17 15 -313.202617298
18 15 -500.000000000
13 16 -500.000000000
14 16 0.000000000
15 16 20.007860418
16 16 1000.000000000
17 16 0.000000000
18 16 -125.866209570
19 16 -500.000000000
20 16 0.000000000
21 16 0.000000000
13 17 0.000000000
14 17 -500.000000000
15 17 -313.202617298
16 17 -0.000000000
17 17 1000.000000000
18 17 326.306960104
19 17 -0.000000000
20 17 -500.000000000
21 17 0.000000000
13 18 0.000000000
14 18 0.000000000
15 18 -500.000000000
16 18 -125.866209570
17 18 326.306960104
18 18 1244.637069848
19 18 125.866209570
20 18 -326.306960104
21 18 -500.000000000
16 19 -500.000000000
17 19 -0.000000000
18 19 125.866209570
19 19 1000.000000000
20 19 0.000000000
21 19 7.528071849
22 19 -500.000000000
23 19 0.000000000
24 19 0.000000000
16 20 0.000000000
17 20 -500.000000000
18 20 -326.306960104
19 20 -0.000000000
20 20 1000.000000000
21 20 272.505522958
22 20 0.000000000
23 20 -500.000000000
24 20 0.000000000
16 21 0.000000000
17 21 0.000000000
18 21 -500.000000000
19 21 7.528071849
20 21 272.505522958
21 21 1148.631863817
22 21 -7.528071849
23 21 -272.505522958
24 21 -500.000000000
19 22 -500.000000000
20 22 0.000000000
21 22 -7.528071849
22 22 1000.000000000
23 22 0.000000000
24 22 -4.703367026
25 22 -500.000000000
26 22 0.000000000
27 22 0.000000000
19 23 0.000000000
20 23 -500.000000000
21 23 -272.505522958
22 23 0.000000000
23 23 1000.000000000
24 23 245.590500290
25 23 0.000000000
26 23 -500.000000000
27 23 0.000000000
19 24 0.000000000
20 24 0.000000000
21 24 -500.000000000
22 24 -4.703367026
23 24 245.590500290
24 24 1120.673630988
25 24 4.703367026
26 24 -245.590500290
27 24 -500.000000000
22 25 -500.000000000
23 25 0.000000000
24 25 4.703367026
25 25 1000.000000000
26 25 0.000000000
27 25 -41.497974083
28 25 -500.000000000
29 25 0.000000000
30 25 0.000000000
22 26 0.000000000
23 26 -500.000000000
24 26 -245.590500290
25 26 0.000000000
26 26 1000.000000000
27 26 259.829222827
28 26 0.000000000
29 26 -500.000000000
30 26 0.000000000
22 27 0.000000000
23 27 0.000000000
24 27 -500.000000000
25 27 -41.497974083
26 27 259.829222827
27 27 1138.466613775
28 27 41.497974083
29 27 -259.829222827
30 27 -500.000000000
25 28 -500.000000000
26 28 0.000000000
27 28 41.497974083
28 28 1000.000000000
29 28 0.000000000
30 28 -116.684259032
31 28 -500.000000000
32 28 0.000000000
33 28 0.000000000
25 29 0.000000000
26 29 -500.000000000
27 29 -259.829222827
28 29 0.000000000
29 29 1000.000000000
30 29 224.447060894
31 29 0.000000000
32 29 -500.000000000
33 29 0.000000000
25 30 0.000000000
26 30 0.000000000
27 30 -500.000000000
28 30 -116.684259032
29 30 224.447060894
30 30 1127.983398900
31 30 116.684259032
32 30 -224.447060894
33 30 -500.000000000
28 31 -500.000000000
29 31 0.000000000
30 31 116.684259032
31 31 1000.000000000
32 31 0.000000000
33 31 4.033438717
34 31 -500.000000000
35 31 0.000000000
36 31 0.000000000
28 32 0.000000000
29 32 -500.000000000
30 32 -224.447060894
31 32 0.000000000
32 32 1000.000000000
33 32 244.379790395
34 32 0.000000000
35 32 -500.000000000
36 32 0.000000000
28 33 0.000000000
29 33 0.000000000
30 33 -500.000000000
31 33 4.033438717
32 33 244.379790395
33 33 1119.475501163
34 33 -4.033438717
35 33 -244.379790395
36 33 -500.000000000
31 34 -500.000000000
32 34 0.000000000
33 34 -4.033438717
34 34 1000.000000000
35 34 0.000000000
36 34 -18.277271211
37 34 -500.000000000
38 34 0.000000000
39 34 0.000000000
31 35 0.000000000
32 35 -500.000000000
33 35 -244.379790395
34 35 0.000000000
35 35 1000.000000000
36 35 260.640610381
37 35 0.000000000
38 35 -500.000000000
39 35 0.000000000
31 36 0.000000000
32 36 0.000000000
33 36 -500.000000000
34 36 -18.277271211
35 36 260.640610381
36 36 1136.535172846
37 36 18.277271211
38 36 -260.640610381
39 36 -500.000000000
34 37 -500.000000000
35 37 0.000000000
36 37 18.277271211
37 37 1000.000000000
38 37 0.000000000
39 37 129.062609488
40 37 -500.000000000
41 37 0.000000000
42 37 0.000000000
34 38 0.000000000
35 38 -500.000000000
36 38 -260.640610381
37 38 0.000000000
38 38 1000.000000000
39 38 321.254938940
40 38 0.000000000
41 38 -500.000000000
42 38 0.000000000
34 39 0.000000000
35 39 0.000000000
36 39 -500.000000000
37 39 129.062609488
38 39 321.254938940
39 39 1239.723785922
40 39 -129.062609488
41 39 -321.254938940
42 39 -500.000000000
37 40 -500.000000000
38 40 0.000000000
39 40 -129.062609488
40 40 1000.000000000
41 40 0.000000000
42 40 -39.994340157
43 40 -500.000000000
44 40 0.000000000
45 40 0.000000000
37 41 0.000000000
38 41 -500.000000000
39 41 -321.254938940
40 41 0.000000000
41 41 1000.000000000
42 41 225.332955677
43 41 0.000000000
44 41 -500.000000000
45 41 0.000000000
37 42 0.000000000
38 42 0.000000000
39 42 -500.000000000
40 42 -39.994340157
41 42 225.332955677
42 42 1104.748976317
43 42 39.994340157
44 42 -225.332955677
45 42 -500.000000000
40 43 -500.000000000
41 43 0.000000000
42 43 39.994340157
43 43 1000.000000000
44 43 0.000000000
45 43 -14.510331489
46 43 -500.000000000
47 43 0.000000000
48 43 0.000000000
40 44 0.000000000
41 44 -500.000000000
42 44 -225.332955677
43 44 0.000000000
44 44 1000.000000000
45 44 233.062880674
46 44 0.000000000
47 44 -500.000000000
48 44 0.000000000
40 45 0.000000000
41 45 0.000000000
42 45 -500.000000000
43 45 -14.510331489
44 45 233.062880674
45 45 1109.057712136
46 45 14.510331489
47 45 -233.062880674
48 45 -500.000000000
43 46 -500.000000000
44 46 0.000000000
45 46 14.510331489
46 46 1000.000000000
47 46 0.000000000
48 46 30.829626578
49 46 -500.000000000
50 46 0.000000000
51 46 0.000000000
43 47 0.000000000
44 47 -500.000000000
45 47 -233.062880674
46 47 0.000000000
47 47 1000.000000000
48 47 123.361693286
49 47 0.000000000
50 47 -500.000000000
51 47 0.000000000
43 48 0.000000000
44 48 0.000000000
45 48 -500.000000000
46 48 30.829626578
47 48 123.361693286
48 48 1032.337146491
49 48 -30.829626578
50 48 -123.361693286
51 48 -500.000000000
46 49 -500.000000000
47 49 0.000000000
48 49 -30.829626578
49 49 1000.000000000
50 49 0.000000000
51 49 -33.535175222
52 49 -500.000000000
53 49 0.000000000
54 49 0.000000000
46 50 0.000000000
47 50 -500.000000000
48 50 -123.361693286
49 50 0.000000000
50 50 1000.000000000
51 50 290.826861704
52 50 0.000000000
53 50 -500.000000000
54 50 0.000000000
46 51 0.000000000
47 51 0.000000000
48 51 -500.000000000
49 51 -33.535175222
50 51 290.826861704
51 51 1171.409742932
52 51 33.535175222
53 51 -290.826861704
54 51 -500.000000000
49 52 -500.000000000
50 52 0.000000000
51 52 33.535175222
52 52 1000.000000000
53 52 0.000000000
54 52 79.346106728
55 52 -500.000000000
56 52 0.000000000
57 52 0.000000000
49 53 0.000000000
50 53 -500.000000000
51 53 -290.826861704
52 53 -0.000000000
53 53 1000.000000000
54 53 201.257320719
55 53 -0.000000000
56 53 -500.000000000
57 53 0.000000000
49 54 0.000000000
50 54 0.000000000
51 54 -500.000000000
52 54 79.346106728
53 54 201.257320719
54 54 1093.600627592
55 54 -79.346106728
56 54 -201.257320719
57 54 -500.000000000
52 55 -500.000000000
53 55 -0.000000000
54 55 -79.346106728
55 55 1000.000000000
56 55 0.000000000
57 55 -56.302670986
58 55 -500.000000000
59 55 0.000000000
60 55 0.000000000
52 56 0.000000000
53 56 -500.000000000
54 56 -201.257320719
55 56 -0.000000000
56 56 1000.000000000
57 56 160.798434277
58 56 0.000000000
59 56 -500.000000000
60 56 0.000000000
52 57 0.000000000
53 57 0.000000000
54 57 -500.000000000
55 57 -56.302670986
56 57 160.798434277
57 57 1058.052254452
58 57 56.302670986
59 57 -160.798434277
60 57 -500.000000000
55 58 -500.000000000
56 58 0.000000000
57 58 56.302670986
58 58 1000.000000000
59 58 0.000000000
60 58 52.418491243
61 58 -500.000000000
62 58 0.000000000
63 58 0.000000000
55 59 0.000000000
56 59 -500.000000000
57 59 -160.798434277
58 59 0.000000000
59 59 1000.000000000
60 59 -40.691707332
61 59 0.000000000
62 59 -500.000000000
63 59 0.000000000
55 60 0.000000000
56 60 0.000000000
57 60 -500.000000000
58 60 52.418491243
59 60 -40.691707332
60 60 1008.807026539
61 60 -52.418491243
62 60 40.691707332
63 60 -500.000000000
58 61 -500.000000000
59 61 0.000000000
60 61 -52.418491243
61 61 1000.000000000
62 61 0.000000000
63 61 24.231293937
64 61 -500.000000000
65 61 0.000000000
66 61 0.000000000
58 62 0.000000000
59 62 -500.000000000
60 62 40.691707332
61 62 -0.000000000
62 62 1000.000000000
63 62 122.845588423
64 62 -0.000000000
65 62 -500.000000000
66 62 0.000000000
58 63 0.000000000
59 63 0.000000000
60 63 -500.000000000
61 63 24.231293937
62 63 122.845588423
63 63 1031.356388401
64 63 -24.231293937
65 63 -122.845588423
66 63 -500.000000000
61 64 -500.000000000
62 64 -0.000000000
63 64 -24.231293937
64 64 1000.000000000
65 64 0.000000000
66 64 47.609278212
67 64 -500.000000000
68 64 0.000000000
69 64 0.000000000
61 65 0.000000000
62 65 -500.000000000
63 65 -122.845588423
64 65 -0.000000000
65 65 1000.000000000
66 65 217.999290958
67 65 -0.000000000
68 65 -500.000000000
69 65 0.000000000
61 66 0.000000000
62 66 0.000000000
63 66 -500.000000000
64 66 47.609278212
65 66 217.999290958
66 66 1099.580668460
67 66 -47.609278212
68 66 -217.999290958
69 66 -500.000000000
64 67 -500.000000000
65 67 -0.000000000
66 67 -47.609278212
67 67 1000.000000000
68 67 0.000000000
69 67 -12.952498092
70 67 -500.000000000
71 67 0.000000000
72 67 0.000000000
64 68 0.000000000
65 68 -500.000000000
66 68 -217.999290958
67 68 -0.000000000
68 68 1000.000000000
69 68 209.273546647
70 68 0.000000000
71 68 -500.000000000
72 68 0.000000000
64 69 0.000000000
65 69 0.000000000
66 69 -500.000000000
67 69 -12.952498092
68 69 209.273546647
69 69 1087.926369066
70 69 12.952498092
71 69 -209.273546647
72 69 -500.000000000
67 70 -500.000000000
68 70 0.000000000
69 70 12.952498092
70 70 1000.000000000
71 70 0.000000000
72 70 5.078668942
73 70 -500.000000000
74 70 0.000000000
75 70 0.000000000
67 71 0.000000000
68 71 -500.000000000
69 71 -209.273546647
70 71 -0.000000000
71 71 1000.000000000
72 71 218.709030807
73 71 -0.000000000
74 71 -500.000000000
75 71 0.000000000
67 72 0.000000000
68 72 0.000000000
69 72 -500.000000000
70 72 5.078668942
71 72 218.709030807
72 72 1095.718866069
73 72 -5.078668942
74 72 -218.709030807
75 72 -500.000000000
70 73 -500.000000000
71 73 -0.000000000
72 73 -5.078668942
73 73 1000.000000000
74 73 0.000000000
75 73 -32.141975752
76 73 -500.000000000
77 73 0.000000000
78 73 0.000000000
70 74 0.000000000
71 74 -500.000000000
72 74 -218.709030807
73 74 -0.000000000
74 74 1000.000000000
75 74 167.708855211
76 74 0.000000000
77 74 -500.000000000
78 74 0.000000000
70 75 0.000000000
71 75 0.000000000
72 75 -500.000000000
73 75 -32.141975752
74 75 167.708855211
75 75 1058.318733442
76 75 32.141975752
77 75 -167.708855211
78 75 -500.000000000
73 76 -500.000000000
74 76 0.000000000
75 76 32.141975752
76 76 1000.000000000
77 76 0.000000000
78 76 -63.113012431
79 76 -500.000000000
80 76 0.000000000
81 76 0.000000000
73 77 0.000000000
74 77 -500.000000000
75 77 -167.708855211
76 77 0.000000000
77 77 1000.000000000
78 77 107.780554700
79 77 0.000000000
80 77 -500.000000000
81 77 0.000000000
73 78 0.000000000
74 78 0.000000000
75 78 -500.000000000
76 78 -63.113012431
77 78 107.780554700
78 78 1031.199800619
79 78 63.113012431
80 78 -107.780554700
81 78 -500.000000000
76 79 -500.000000000
77 79 0.000000000
78 79 63.113012431
79 79 1000.000000000
80 79 0.000000000
81 79 -91.126713861
82 79 -500.000000000
83 79 0.000000000
84 79 0.000000000
76 80 0.000000000
77 80 -500.000000000
78 80 -107.780554700
79 80 0.000000000
80 80 1000.000000000
81 80 99.360535102
82 80 0.000000000
83 80 -500.000000000
84 80 0.000000000
76 81 0.000000000
77 81 0.000000000
78 81 -500.000000000
79 81 -91.126713861
80 81 99.360535102
81 81 1036.353187830
82 81 91.126713861
83 81 -99.360535102
84 81 -500.000000000
79 82 -500.000000000
80 82 0.000000000
81 82 91.126713861
82 82 1000.000000000
83 82 0.000000000
84 82 -141.793461970
85 82 -500.000000000
86 82 0.000000000
87 82 0.000000000
79 83 0.000000000
80 83 -500.000000000
81 83 -99.360535102
82 83 0.000000000
83 83 1000.000000000
84 83 165.488573214
85 83 0.000000000
86 83 -500.000000000
87 83 0.000000000
79 84 0.000000000
80 84 0.000000000
81 84 -500.000000000
82 84 -141.793461970
83 84 165.488573214
84 84 1094.983707443
85 84 141.793461970
86 84 -165.488573214
87 84 -500.000000000
82 85 -500.000000000
83 85 0.000000000
84 85 141.793461970
85 85 1000.000000000
86 85 -0.000000000
87 85 -114.335130816
88 85 -500.000000000
89 85 -0.000000000
90 85 0.000000000
82 86 0.000000000
83 86 -500.000000000
84 86 -165.488573214
85 86 0.000000000
86 86 1000.000000000
87 86 235.821806720
88 86 0.000000000
89 86 -500.000000000
90 86 0.000000000
82 87 0.000000000
83 87 0.000000000
84 87 -500.000000000
85 87 -114.335130816
86 87 235.821806720
87 87 1137.368893327
88 87 114.335130816
89 87 -235.821806720
90 87 -500.000000000
85 88 -500.000000000
86 88 0.000000000
87 88 114.335130816
88 88 1000.000000000
89 88 -0.000000000
90 88 -110.175849273
91 88 -500.000000000
92 88 -0.000000000
93 88 0.000000000
85 89 -0.000000000
86 89 -500.000000000
87 89 -235.821806720
88 89 0.000000000
89 89 1000.000000000
90 89 129.020834760
91 89 0.000000000
92 89 -500.000000000
93 89 0.000000000
85 90 0.000000000
86 90 0.000000000
87 90 -500.000000000
88 90 -110.175849273
89 90 129.020834760
90 90 1057.570187130
91 90 110.175849273
92 90 -129.020834760
93 90 -500.000000000
88 91 -500.000000000
89 91 0.000000000
90 91 110.175849273
91 91 1000.000000000
92 91 -0.000000000
93 91 -187.721315860
94 91 -500.000000000
95 91 0.000000000
96 91 0.000000000
88 92 -0.000000000
89 92 -500.000000000
90 92 -129.020834760
91 92 0.000000000
92 92 1000.000000000
93 92 117.411922065
94 92 0.000000000
95 92 -500.000000000
96 92 0.000000000
88 93 0.000000000
89 93 0.000000000
90 93 -500.000000000
91 93 -187.721315860
92 93 117.411922065
93 93 1098.049703743
94 93 187.721315860
95 93 -117.411922065
96 93 -500.000000000
91 94 -500.000000000
92 94 0.000000000
93 94 187.721315860
94 94 1000.000000000
95 94 0.000000000
96 94 -132.607461665
97 94 -500.000000000
98 94 0.000000000
99 94 0.000000000
91 95 0.000000000
92 95 -500.000000000
93 95 -117.411922065
94 95 0.000000000
95 95 1000.000000000
96 95 87.640786998
97 95 0.000000000
98 95 -500.000000000
99 95 0.000000000
91 96 0.000000000
92 96 0.000000000
93 96 -500.000000000
94 96 -132.607461665
95 96 87.640786998
96 96 1050.531292870
97 96 132.607461665
98 96 -87.640786998
99 96 -500.000000000
94 97 -500.000000000
95 97 0.000000000
96 97 132.607461665
97 97 1000.000000000
98 97 -0.000000000
99 97 -67.375661508
100 97 -500.000000000
101 97 -0.000000000
102 97 0.000000000
94 98 0.000000000
95 98 -500.000000000
96 98 -87.640786998
97 98 0.000000000
98 98 1000.000000000
99 98 125.923428841
100 98 0.000000000
101 98 -500.000000000
102 98 0.000000000
94 99 0.000000000
95 99 0.000000000
96 99 -500.000000000
97 99 -67.375661508
98 99 125.923428841
99 99 1040.792379389
100 99 67.375661508
101 99 -125.923428841
102 99 -500.000000000
97 100 -500.000000000
98 100 0.000000000
99 100 67.375661508
100 100 1000.000000000
101 100 -0.000000000
102 100 -229.802362951
103 100 -500.000000000
104 100 0.000000000
105 100 0.000000000
97 101 -0.000000000
98 101 -500.000000000
99 101 -125.923428841
100 101 0.000000000
101 101 1000.000000000
102 101 -7.830488799
103 101 0.000000000
104 101 -500.000000000
105 101 0.000000000
97 102 0.000000000
98 102 0.000000000
99 102 -500.000000000
100 102 -229.802362951
101 102 -7.830488799
102 102 1105.740885145
103 102 229.802362951
104 102 7.830488799
105 102 -500.000000000
100 103 -500.000000000
101 103 0.000000000
102 103 229.802362951
103 103 1000.000000000
104 103 0.000000000
105 103 -220.651065434
106 103 -500.000000000
107 103 0.000000000
108 103 0.000000000
100 104 0.000000000
101 104 -500.000000000
102 104 7.830488799
103 104 0.000000000
104 104 1000.000000000
105 104 46.178352610
106 104 0.000000000
107 104 -500.000000000
108 104 0.000000000
100 105 0.000000000
101 105 0.000000000
102 105 -500.000000000
103 105 -220.651065434
104 105 46.178352610
105 105 1101.638665854
106 105 220.651065434
107 105 -46.178352610
108 105 -500.000000000
103 106 -500.000000000
104 106 0.000000000
105 106 220.651065434
106 106 1000.000000000
107 106 0.000000000
108 106 -152.396092317
109 106 -500.000000000
110 106 0.000000000
111 106 0.000000000
103 107 0.000000000
104 107 -500.000000000
105 107 -46.178352610
106 107 0.000000000
107 107 1000.000000000
108 107 -31.621269227
109 107 0.000000000
110 107 -500.000000000
111 107 0.000000000
103 108 0.000000000
104 108 0.000000000
105 108 -500.000000000
106 108 -152.396092317
107 108 -31.621269227
108 108 1048.448947242
109 108 152.396092317
110 108 31.621269227
111 108 -500.000000000
106 109 -500.000000000
107 109 0.000000000
108 109 152.396092317
109 109 1000.000000000
110 109 0.000000000
111 109 -209.979233593
112 109 -500.000000000
113 109 0.000000000
114 109 0.000000000
106 110 0.000000000
107 110 -500.000000000
108 110 31.621269227
109 110 0.000000000
110 110 1000.000000000
111 110 -14.866208143
112 110 0.000000000
113 110 -500.000000000
114 110 0.000000000
106 111 0.000000000
107 111 0.000000000
108 111 -500.000000000
109 111 -209.979233593
110 111 -14.866208143
111 111 1088.624565370
112 111 209.979233593
113 111 14.866208143
114 111 -500.000000000
109 112 -500.000000000
110 112 0.000000000
111 112 209.979233593
112 112 1000.000000000
113 112 -0.000000000
114 112 -189.382006004
115 112 -500.000000000
116 112 -0.000000000
117 112 0.000000000
109 113 0.000000000
110 113 -500.000000000
111 113 14.866208143
112 113 0.000000000
113 113 1000.000000000
114 113 -37.949915892
115 113 0.000000000
116 113 -500.000000000
117 113 0.000000000
109 114 0.000000000
110 114 0.000000000
111 114 -500.000000000
112 114 -189.382006004
113 114 -37.949915892
114 114 1074.611480628
115 114 189.382006004
116 114 37.949915892
117 114 -500.000000000
112 115 -500.000000000
113 115 0.000000000
114 115 189.382006004
115 115 1000.000000000
116 115 0.000000000
117 115 -235.942589189
118 115 -500.000000000
119 115 0.000000000
120 115 0.000000000
112 116 -0.000000000
113 116 -500.000000000
114 116 37.949915892
115 116 0.000000000
116 116 1000.000000000
117 116 -126.150169881
118 116 -0.000000000
119 116 -500.000000000
120 116 0.000000000
112 117 0.000000000
113 117 0.000000000
114 117 -500.000000000
115 117 -235.942589189
116 117 -126.150169881
117 117 1143.165541508
118 117 235.942589189
119 117 126.150169881
120 117 -500.000000000
115 118 -500.000000000
116 118 -0.000000000
117 118 235.942589189
118 118 1000.000000000
119 118 0.000000000
120 118 92.138864735
121 118 -500.000000000
122 118 -0.000000000
123 118 0.000000000
115 119 0.000000000
116 119 -500.000000000
117 119 126.150169881
118 119 0.000000000
119 119 1000.000000000
120 119 37.179154666
121 119 0.000000000
122 119 -500.000000000
123 119 0.000000000
115 120 0.000000000
116 120 0.000000000
117 120 -500.000000000
118 120 92.138864735
119 120 37.179154666
120 120 1019.743719873
121 120 -92.138864735
122 120 -37.179154666
123 120 -500.000000000
118 121 -500.000000000
119 121 0.000000000
120 121 -92.138864735
121 121 1000.000000000
122 121 -0.000000000
123 121 -243.597105126
124 121 -500.000000000
125 121 0.000000000
126 121 0.000000000
118 122 -0.000000000
119 122 -500.000000000
120 122 -37.179154666
121 122 0.000000000
122 122 1000.000000000
123 122 -256.823044621
124 122 0.000000000
125 122 -500.000000000
126 122 0.000000000
118 123 0.000000000
119 123 0.000000000
120 123 -500.000000000
121 123 -243.597105126
122 123 -256.823044621
123 123 1250.595251748
124 123 243.597105126
125 123 256.823044621
126 123 -500.000000000
121 124 -500.000000000
122 124 0.000000000
123 124 243.597105126
124 124 1000.000000000
125 124 0.000000000
126 124 -113.856499362
127 124 -500.000000000
128 124 0.000000000
129 124 0.000000000
121 125 0.000000000
122 125 -500.000000000
123 125 256.823044621
124 125 -0.000000000
125 125 1000.000000000
126 125 -175.476914734
127 125 -0.000000000
128 125 -500.000000000
129 125 0.000000000
121 126 0.000000000
122 126 0.000000000
123 126 -500.000000000
124 126 -113.856499362
125 126 -175.476914734
126 126 1087.510900103
127 126 113.856499362
128 126 175.476914734
129 126 -500.000000000
124 127 -500.000000000
125 127 -0.000000000
126 127 113.856499362
127 127 1000.000000000
128 127 0.000000000
129 127 -180.257402353
130 127 -500.000000000
131 127 0.000000000
132 127 0.000000000
124 128 0.000000000
125 128 -500.000000000
126 128 175.476914734
127 128 -0.000000000
128 128 1000.000000000
129 128 -196.205908055
130 128 0.000000000
131 128 -500.000000000
132 128 0.000000000
124 129 0.000000000
125 129 0.000000000
126 129 -500.000000000
127 129 -180.257402353
128 129 -196.205908055
129 129 1141.978978918
130 129 180.257402353
131 129 196.205908055
132 129 -500.000000000
127 130 -500.000000000
128 130 0.000000000
129 130 180.257402353
130 130 1000.000000000
131 130 0.000000000
132 130 -149.918316360
133 130 -500.000000000
134 130 0.000000000
135 130 0.000000000
127 131 0.000000000
128 131 -500.000000000
129 131 196.205908055
130 131 0.000000000
131 131 1000.000000000
132 131 -211.902229229
133 131 0.000000000
134 131 -500.000000000
135 131 0.000000000
127 132 0.000000000
128 132 0.000000000
129 132 -500.000000000
130 132 -149.918316360
131 132 -211.902229229
132 132 1134.756112665
133 132 149.918316360
134 132 211.902229229
135 132 -500.000000000
130 133 -500.000000000
131 133 0.000000000
132 133 149.918316360
133 133 1000.000000000
134 133 0.000000000
135 133 -40.553747879
136 133 -500.000000000
137 133 0.000000000
138 133 0.000000000
130 134 0.000000000
131 134 -500.000000000
132 134 211.902229229
133 134 0.000000000
134 134 1000.000000000
135 134 -234.138209080
136 134 0.000000000
137 134 -500.000000000
138 134 0.000000000
130 135 0.000000000
131 135 0.000000000
132 135 -500.000000000
133 135 -40.553747879
134 135 -234.138209080
135 135 1112.930614836
136 135 40.553747879
137 135 234.138209080
138 135 -500.000000000
133 136 -500.000000000
134 136 0.000000000
135 136 40.553747879
136 136 1000.000000000
137 136 0.000000000
138 136 -34.985173338
139 136 -500.000000000
140 136 0.000000000
141 136 0.000000000
133 137 0.000000000
134 137 -500.000000000
135 137 234.138209080
136 137 0.000000000
137 137 1000.000000000
138 137 -183.631969918
139 137 0.000000000
140 137 -500.000000000
141 137 0.000000000
133 138 0.000000000
134 138 0.000000000
135 138 -500.000000000
136 138 -34.985173338
137 138 -183.631969918
138 138 1069.889325459
139 138 34.985173338
140 138 183.631969918
141 138 -500.000000000
136 139 -500.000000000
137 139 0.000000000
138 139 34.985173338
139 139 1000.000000000
140 139 0.000000000
141 139 -188.858349504
142 139 -500.000000000
143 139 0.000000000
144 139 0.000000000
136 140 0.000000000
137 140 -500.000000000
138 140 183.631969918
139 140 -0.000000000
140 140 1000.000000000
141 140 -216.180942716
142 140 -0.000000000
143 140 -500.000000000
144 140 0.000000000
136 141 0.000000000
137 141 0.000000000
138 141 -500.000000000
139 141 -188.858349504
140 141 -216.180942716
141 141 1164.803352341
142 141 188.858349504
143 141 216.180942716
144 141 -500.000000000
139 142 -500.000000000
140 142 -0.000000000
141 142 188.858349504
142 142 1000.000000000
143 142 0.000000000
144 142 -36.349083299
145 142 -500.000000000
146 142 0.000000000
147 142 0.000000000
139 143 0.000000000
140 143 -500.000000000
141 143 216.180942716
142 143 -0.000000000
143 143 1000.000000000
144 143 -229.976494476
145 143 -0.000000000
146 143 -500.000000000
147 143 0.000000000
139 144 0.000000000
140 144 0.000000000
141 144 -500.000000000
142 144 -36.349083299
143 144 -229.976494476
144 144 1108.420887736
145 144 36.349083299
146 144 229.976494476
147 144 -500.000000000
142 145 -500.000000000
143 145 -0.000000000
144 145 36.349083299
145 145 1000.000000000
146 145 0.000000000
147 145 -76.919038365
148 145 -500.000000000
149 145 0.000000000
150 145 0.000000000
142 146 0.000000000
143 146 -500.000000000
144 146 229.976494476
145 146 -0.000000000
146 146 1000.000000000
147 146 -273.095445509
148 146 0.000000000
149 146 -500.000000000
150 146 0.000000000
142 147 0.000000000
143 147 0.000000000
144 147 -500.000000000
145 147 -76.919038365
146 147 -273.095445509
147 147 1160.995321641
148 147 76.919038365
149 147 273.095445509
150 147 -500.000000000
145 148 -500.000000000
146 148 0.000000000
147 148 76.919038365
148 148 1000.000000000
149 148 0.000000000
150 148 -97.816372997
151 148 -500.000000000
152 148 0.000000000
153 148 0.000000000
145 149 0.000000000
146 149 -500.000000000
147 149 273.095445509
148 149 0.000000000
149 149 1000.000000000
150 149 -194.926068628
151 149 0.000000000
152 149 -500.000000000
153 149 0.000000000
145 150 0.000000000
146 150 0.000000000
147 150 -500.000000000
148 150 -97.816372997
149 150 -194.926068628
150 150 1095.128430114
151 150 97.816372997
152 150 194.926068628
153 150 -500.000000000
148 151 -500.000000000
149 151 0.000000000
150 151 97.816372997
151 151 1000.000000000
152 151 0.000000000
153 151 -28.382122136
154 151 -500.000000000
155 151 0.000000000
156 151 0.000000000
148 152 0.000000000
149 152 -500.000000000
150 152 194.926068628
151 152 -0.000000000
152 152 1000.000000000
153 152 -234.889972694
154 152 -0.000000000
155 152 -500.000000000
156 152 0.000000000
148 153 0.000000000
149 153 0.000000000
150 153 -500.000000000
151 153 -28.382122136
152 153 -234.889972694
153 153 1111.957688259
154 153 28.382122136
155 153 234.889972694
156 153 -500.000000000
151 154 -500.000000000
152 154 -0.000000000
153 154 28.382122136
154 154 1000.000000000
155 154 0.000000000
156 154 -117.122055848
157 154 -500.000000000
158 154 0.000000000
159 154 0.000000000
151 155 0.000000000
152 155 -500.000000000
153 155 234.889972694
154 155 -0.000000000
155 155 1000.000000000
156 155 -195.830907431
157 155 0.000000000
158 155 -500.000000000
159 155 0.000000000
151 156 0.000000000
152 156 0.000000000
153 156 -500.000000000
154 156 -117.122055848
155 156 -195.830907431
156 156 1104.134640543
157 156 117.122055848
158 156 195.830907431
159 156 -500.000000000
154 157 -500.000000000
155 157 0.000000000
156 157 117.122055848
157 157 1000.000000000
158 157 0.000000000
159 157 -98.355943711
160 157 -500.000000000
161 157 0.000000000
162 157 0.000000000
154 158 0.000000000
155 158 -500.000000000
156 158 195.830907431
157 158 0.000000000
158 158 1000.000000000
159 158 -98.366865678
160 158 0.000000000
161 158 -500.000000000
162 158 0.000000000
154 159 0.000000000
155 159 0.000000000
156 159 -500.000000000
157 159 -98.355943711
158 159 -98.366865678
159 159 1038.699863853
160 159 98.355943711
161 159 98.366865678
162 159 -500.000000000
157 160 -500.000000000
158 160 0.000000000
159 160 98.355943711
160 160 1000.000000000
161 160 0.000000000
162 160 -41.431109118
163 160 -500.000000000
164 160 0.000000000
165 160 0.000000000
157 161 0.000000000
158 161 -500.000000000
159 161 98.366865678
160 161 0.000000000
161 161 1000.000000000
162 161 -200.764539317
163 161 0.000000000
164 161 -500.000000000
165 161 0.000000000
157 162 0.000000000
158 162 0.000000000
159 162 -500.000000000
160 162 -41.431109118
161 162 -200.764539317
162 162 1084.045874100
163 162 41.431109118
164 162 200.764539317
165 162 -500.000000000
160 163 -500.000000000
161 163 0.000000000
162 163 41.431109118
163 163 1000.000000000
164 163 -0.000000000
165 163 -209.939817466
166 163 -500.000000000
167 163 -0.000000000
168 163 0.000000000
160 164 0.000000000
161 164 -500.000000000
162 164 200.764539317
163 164 0.000000000
164 164 1000.000000000
165 164 -165.776396607
166 164 0.000000000
167 164 -500.000000000
168 164 0.000000000
160 165 0.000000000
161 165 0.000000000
162 165 -500.000000000
163 165 -209.939817466
164 165 -165.776396607
165 165 1143.113081259
166 165 209.939817466
167 165 165.776396607
168 165 -500.000000000
163 166 -500.000000000
164 166 0.000000000
165 166 209.939817466
166 166 1000.000000000
167 166 -0.000000000
168 166 -172.593680400
169 166 -500.000000000
170 166 0.000000000
171 166 0.000000000
163 167 -0.000000000
164 167 -500.000000000
165 167 165.776396607
166 167 0.000000000
167 167 1000.000000000
168 167 -234.742665161
169 167 0.000000000
170 167 -500.000000000
171 167 0.000000000
163 168 0.000000000
164 168 0.000000000
165 168 -500.000000000
166 168 -172.593680400
167 168 -234.742665161
168 168 1169.785394722
169 168 172.593680400
170 168 234.742665161
171 168 -500.000000000
166 169 -500.000000000
167 169 0.000000000
168 169 172.593680400
169 169 1000.000000000
170 169 -0.000000000
171 169 -86.605629053
172 169 -500.000000000
173 169 -0.000000000
174 169 0.000000000
166 170 0.000000000
167 170 -500.000000000
168 170 234.742665161
169 170 0.000000000
170 170 1000.000000000
171 170 -181.445496976
172 170 0.000000000
173 170 -500.000000000
174 170 0.000000000
166 171 0.000000000
167 171 0.000000000
168 171 -500.000000000
169 171 -86.605629053
170 171 -181.445496976
171 171 1080.846006713
172 171 86.605629053
173 171 181.445496976
174 171 -500.000000000
169 172 -500.000000000
170 172 0.000000000
171 172 86.605629053
172 172 1000.000000000
173 172 -0.000000000
174 172 -184.231206387
175 172 -500.000000000
176 172 -0.000000000
177 172 0.000000000
169 173 -0.000000000
170 173 -500.000000000
171 173 181.445496976
172 173 0.000000000
173 173 1000.000000000
174 173 -201.503524773
175 173 0.000000000
176 173 -500.000000000
177 173 0.000000000
169 174 0.000000000
170 174 0.000000000
171 174 -500.000000000
172 174 -184.231206387
173 174 -201.503524773
174 174 1149.089615805
175 174 184.231206387
176 174 201.503524773
177 174 -500.000000000
172 175 -500.000000000
173 175 0.000000000
174 175 184.231206387
175 175 1000.000000000
176 175 -0.000000000
177 175 -124.305358148
178 175 -500.000000000
179 175 0.000000000
180 175 0.000000000
172 176 -0.000000000
173 176 -500.000000000
174 176 201.503524773
175 176 0.000000000
176 176 1000.000000000
177 176 -159.954119933
178 176 0.000000000
179 176 -500.000000000
180 176 0.000000000
172 177 0.000000000
173 177 0.000000000
174 177 -500.000000000
175 177 -124.305358148
176 177 -159.954119933
177 177 1082.074285096
178 177 124.305358148
179 177 159.954119933
180 177 -500.000000000
175 178 -500.000000000
176 178 0.000000000
177 178 124.305358148
178 178 1000.000000000
179 178 0.000000000
180 178 65.328454072
181 178 -500.000000000
182 178 0.000000000
183 178 0.000000000
175 179 0.000000000
176 179 -500.000000000
177 179 159.954119933
178 179 0.000000000
179 179 1000.000000000
180 179 -3.955000782
181 179 0.000000000
182 179 -500.000000000
183 179 0.000000000
175 180 0.000000000
176 180 0.000000000
177 180 -500.000000000
178 180 65.328454072
179 180 -3.955000782
180 180 1008.566897885
181 180 -65.328454072
182 180 3.955000782
183 180 -500.000000000
178 181 -500.000000000
179 181 0.000000000
180 181 -65.328454072
181 181 1000.000000000
182 181 -0.000000000
183 181 -110.183828380
184 181 -500.000000000
185 181 -0.000000000
186 181 0.000000000
178 182 0.000000000
179 182 -500.000000000
180 182 3.955000782
181 182 0.000000000
182 182 1000.000000000
183 182 -181.831474142
184 182 0.000000000
185 182 -500.000000000
186 182 0.000000000
178 183 0.000000000
179 183 0.000000000
180 183 -500.000000000
181 183 -110.183828380
182 183 -181.831474142
183 183 1090.406322050
184 183 110.183828380
185 183 181.831474142
186 183 -500.000000000
181 184 -500.000000000
182 184 0.000000000
183 184 110.183828380
184 184 1000.000000000
185 184 0.000000000
186 184 -137.773622473
187 184 -500.000000000
188 184 0.000000000
189 184 0.000000000
181 185 -0.000000000
182 185 -500.000000000
183 185 181.831474142
184 185 0.000000000
185 185 1000.000000000
186 185 -139.386664974
187 185 -0.000000000
188 185 -500.000000000
189 185 0.000000000
181 186 0.000000000
182 186 0.000000000
183 186 -500.000000000
184 186 -137.773622473
185 186 -139.386664974
186 186 1076.820426844
187 186 137.773622473
188 186 139.386664974
189 186 -500.000000000
184 187 -500.000000000
185 187 -0.000000000
186 187 137.773622473
187 187 1000.000000000
188 187 0.000000000
189 187 -156.566411679
190 187 -500.000000000
191 187 0.000000000
192 187 0.000000000
184 188 0.000000000
185 188 -500.000000000
186 188 139.386664974
187 188 -0.000000000
188 188 1000.000000000
189 188 -211.932990325
190 188 0.000000000
191 188 -500.000000000
192 188 0.000000000
184 189 0.000000000
185 189 0.000000000
186 189 -500.000000000
187 189 -156.566411679
188 189 -211.932990325
189 189 1138.857267308
190 189 156.566411679
191 189 211.932990325
192 189 -500.000000000
187 190 -500.000000000
188 190 0.000000000
189 190 156.566411679
190 190 1000.000000000
191 190 -0.000000000
192 190 -80.619218567
193 190 -500.000000000
194 190 -0.000000000
195 190 0.000000000
187 191 0.000000000
188 191 -500.000000000
189 191 211.932990325
190 191 0.000000000
191 191 1000.000000000
192 191 -239.832823137
193 191 0.000000000
194 191 -500.000000000
195 191 0.000000000
187 192 0.000000000
188 192 0.000000000
189 192 -500.000000000
190 192 -80.619218567
191 192 -239.832823137
192 192 1128.038482913
193 192 80.619218567
194 192 239.832823137
195 192 -500.000000000
190 193 -500.000000000
191 193 0.000000000
192 193 80.619218567
193 193 1000.000000000
194 193 -0.000000000
195 193 9.291954008
196 193 -500.000000000
197 193 0.000000000
198 193 0.000000000
190 194 -0.000000000
191 194 -500.000000000
192 194 239.832823137
193 194 0.000000000
194 194 1000.000000000
195 194 -251.809017145
196 194 0.000000000
197 194 -500.000000000
198 194 0.000000000
190 195 0.000000000
191 195 0.000000000
192 195 -500.000000000
193 195 9.291954008
194 195 -251.809017145
195 195 1126.988243050
196 195 -9.291954008
197 195 251.809017145
198 195 -500.000000000
193 196 -500.000000000
194 196 0.000000000
195 196 -9.291954008
196 196 1000.000000000
197 196 0.000000000
198 196 -87.806207654
199 196 -500.000000000
200 196 0.000000000
201 196 0.000000000
193 197 0.000000000
194 197 -500.000000000
195 197 251.809017145
196 197 0.000000000
197 197 1000.000000000
198 197 -310.808947152
199 197 0.000000000
200 197 -500.000000000
201 197 0.000000000
193 198 0.000000000
194 198 0.000000000
195 198 -500.000000000
196 198 -87.806207654
197 198 -310.808947152
198 198 1208.624263465
199 198 87.806207654
200 198 310.808947152
201 198 -500.000000000
196 199 -500.000000000
197 199 0.000000000
198 199 87.806207654
199 199 1000.000000000
200 199 -0.000000000
201 199 -43.078241222
202 199 -500.000000000
203 199 -0.000000000
204 199 0.000000000
196 200 0.000000000
197 200 -500.000000000
198 200 310.808947152
199 200 0.000000000
200 200 1000.000000000
201 200 -265.524157098
202 200 0.000000000
203 200 -500.000000000
204 200 0.000000000
196 201 0.000000000
197 201 0.000000000
198 201 -500.000000000
199 201 -43.078241222
200 201 -265.524157098
201 201 1144.717625738
202 201 43.078241222
203 201 265.524157098
204 201 -500.000000000
199 202 -500.000000000
200 202 0.000000000
201 202 43.078241222
202 202 1000.000000000
203 202 -0.000000000
204 202 72.541695656
205 202 -500.000000000
206 202 0.000000000
207 202 0.000000000
199 203 -0.000000000
200 203 -500.000000000
201 203 265.524157098
202 203 0.000000000
203 203 1000.000000000
204 203 -151.190834593
205 203 0.000000000
206 203 -500.000000000
207 203 0.000000000
199 204 0.000000000
200 204 0.000000000
201 204 -500.000000000
202 204 72.541695656
203 204 -151.190834593
204 204 1056.241932147
205 204 -72.541695656
206 204 151.190834593
207 204 -500.000000000
202 205 -500.000000000
203 205 0.000000000
204 205 -72.541695656
205 205 1000.000000000
206 205 0.000000000
207 205 93.877534018
208 205 -500.000000000
209 205 0.000000000
210 205 0.000000000
202 206 0.000000000
203 206 -500.000000000
204 206 151.190834593
205 206 0.000000000
206 206 1000.000000000
207 206 -213.683583982
208 206 0.000000000
209 206 -500.000000000
210 206 0.000000000
202 207 0.000000000
203 207 0.000000000
204 207 -500.000000000
205 207 93.877534018
206 207 -213.683583982
207 207 1108.947330914
208 207 -93.877534018
209 207 213.683583982
210 207 -500.000000000
205 208 -500.000000000
206 208 0.000000000
207 208 -93.877534018
208 208 1000.000000000
209 208 0.000000000
210 208 44.549225710
211 208 -500.000000000
212 208 0.000000000
213 208 0.000000000
205 209 0.000000000
206 209 -500.000000000
207 209 213.683583982
208 209 0.000000000
209 209 1000.000000000
210 209 -215.829534028
211 209 0.000000000
212 209 -500.000000000
213 209 0.000000000
205 210 0.000000000
206 210 0.000000000
207 210 -500.000000000
208 210 44.549225710
209 210 -215.829534028
210 210 1097.134042541
211 210 -44.549225710
212 210 215.829534028
213 210 -500.000000000
208 211 -500.000000000
209 211 0.000000000
210 211 -44.549225710
211 211 1000.000000000
212 211 0.000000000
213 211 235.025468529
214 211 -500.000000000
215 211 0.000000000
216 211 0.000000000
208 212 0.000000000
209 212 -500.000000000
210 212 215.829534028
211 212 0.000000000
212 212 1000.000000000
213 212 -239.921576014
214 212 0.000000000
215 212 -500.000000000
216 212 0.000000000
208 213 0.000000000
209 213 0.000000000
210 213 -500.000000000
211 213 235.025468529
212 213 -239.921576014
213 213 1225.598666989
214 213 -235.025468529
215 213 239.921576014
216 213 -500.000000000
211 214 -500.000000000
212 214 0.000000000
213 214 -235.025468529
214 214 1000.000000000
215 214 0.000000000
216 214 186.729048993
217 214 -500.000000000
218 214 0.000000000
219 214 0.000000000
211 215 0.000000000
212 215 -500.000000000
213 215 239.921576014
214 215 0.000000000
215 215 1000.000000000
216 215 -114.952417706
217 215 0.000000000
218 215 -500.000000000
219 215 0.000000000
211 216 0.000000000
212 216 0.000000000
213 216 -500.000000000
214 216 186.729048993
215 216 -114.952417706
216 216 1096.163592149
217 216 -186.729048993
218 216 114.952417706
219 216 -500.000000000
214 217 -500.000000000
215 217 0.000000000
216 217 -186.729048993
217 217 1000.000000000
218 217 0.000000000
219 217 148.250726101
220 217 -500.000000000
221 217 0.000000000
222 217 0.000000000
214 218 0.000000000
215 218 -500.000000000
216 218 114.952417706
217 218 -0.000000000
218 218 1000.000000000
219 218 -198.805533486
220 218 -0.000000000
221 218 -500.000000000
222 218 0.000000000
214 219 0.000000000
215 219 0.000000000
216 219 -500.000000000
217 219 148.250726101
218 219 -198.805533486
219 219 1123.003835868
220 219 -148.250726101
221 219 198.805533486
222 219 -500.000000000
217 220 -500.000000000
218 220 -0.000000000
219 220 -148.250726101
220 220 1000.000000000
221 220 0.000000000
222 220 173.173197989
223 220 -500.000000000
224 220 0.000000000
225 220 0.000000000
217 221 0.000000000
218 221 -500.000000000
219 221 198.805533486
220 221 -0.000000000
221 221 1000.000000000
222 221 -55.016598302
223 221 0.000000000
224 221 -500.000000000
225 221 0.000000000
217 222 0.000000000
218 222 0.000000000
219 222 -500.000000000
220 222 173.173197989
221 222 -55.016598302
222 222 1066.031565181
223 222 -173.173197989
224 222 55.016598302
225 222 -500.000000000
220 223 -500.000000000
221 223 0.000000000
222 223 -173.173197989
223 223 1000.000000000
224 223 0.000000000
225 223 255.386855629
226 223 -500.000000000
227 223 0.000000000
228 223 0.000000000
220 224 0.000000000
221 224 -500.000000000
222 224 55.016598302
223 224 -0.000000000
224 224 1000.000000000
225 224 -59.963319374
226 224 -0.000000000
227 224 -500.000000000
228 224 0.000000000
220 225 0.000000000
221 225 0.000000000
222 225 -500.000000000
223 225 255.386855629
224 225 -59.963319374
225 225 1137.636091397
226 225 -255.386855629
227 225 59.963319374
228 225 -500.000000000
223 226 -500.000000000
224 226 -0.000000000
225 226 -255.386855629
226 226 1000.000000000
227 226 0.000000000
228 226 183.144457394
229 226 -500.000000000
230 226 0.000000000
231 226 0.000000000
223 227 0.000000000
224 227 -500.000000000
225 227 59.963319374
226 227 -0.000000000
227 227 1000.000000000
228 227 -45.993053660
229 227 0.000000000
230 227 -500.000000000
231 227 0.000000000
223 228 0.000000000
224 228 0.000000000
225 228 -500.000000000
226 228 183.144457394
227 228 -45.993053660
228 228 1071.314506518
229 228 -183.144457394
230 228 45.993053660
231 228 -500.000000000
226 229 -500.000000000
227 229 0.000000000
228 229 -183.144457394
229 229 1000.000000000
230 229 0.000000000
231 229 213.750336493
232 229 -500.000000000
233 229 0.000000000
234 229 0.000000000
226 230 0.000000000
227 230 -500.000000000
228 230 45.993053660
229 230 0.000000000
230 230 1000.000000000
231 230 41.822848781
232 230 0.000000000
233 230 -500.000000000
234 230 0.000000000
226 231 0.000000000
227 231 0.000000000
228 231 -500.000000000
229 231 213.750336493
230 231 41.822848781
231 231 1094.876714062
232 231 -213.750336493
233 231 -41.822848781
234 231 -500.000000000
229 232 -500.000000000
230 232 0.000000000
231 232 -213.750336493
232 232 500.000000000
233 232 0.000000000
234 232 0.000000000
229 233 0.000000000
230 233 -500.000000000
231 233 -41.822848781
232 233 0.000000000
233 233 500.000000000
234 233 0.000000000
229 234 0.000000000
230 234 0.000000000
231 234 -500.000000000
232 234 0.000000000
233 234 0.000000000
234 234 500.000000000
